$ANSIBLE_VAULT;1.1;AES256
38303937656564613533363935633064666366383662326562353561366537363639313261613237
3335366437653762363030613539303931383235323639350a626432393936323061643337323366
36336232393066613435666533323638383761636565626332633039663439643934396134343963
6365366163663035340a623138303035633134653935363638306236353962353531306435326263
64373137313030613031626165343334356637303334356433613364396462663163336565366565
63346331623432633364323435343039396161346339613766363930636334656231393864356130
63653466303635353430373761666433646631383635326236616465303863396236333462386234
38353633326130623039386132323064316131636330646130393838633532346234313130313531
38366131633732336331633636663331666435323262393331663265303633636366396361636165
33643734353861393137393639343164303936656235616537386537643530613138633765356233
64653663333736383937333064313363393133356533653639633138663763633138313365343732
66616462363934646564
